25.000000
25.000000
25.000000
25.000000
25.000000
25.000000
25.000000
25.000000
25.000000
25.000000
25.000000
25.000000
25.000000
25.000000
25.000000
25.000000
25.000000
25.000000
25.000000
25.000000
95.668686
91.354416
87.073837
82.842827
78.676147
74.587128
70.587311
66.686249
62.891273
59.207314
55.636826
52.179729
48.833408
45.592781
42.450420
39.396725
36.420124
33.507336
30.643684
27.813406
25.000000
25.000000
25.000000
25.000000
25.000000
25.000000
25.000000
25.000000
25.000000
25.000000
25.000000
25.000000
25.000000
25.000000
25.000000
25.000000
25.000000
25.000000
25.000000
25.000000
96.428268
92.856567
89.284904
85.713272
82.141678
78.570122
74.998596
71.427109
67.855659
64.284241
60.712860
57.141495
53.570148
49.998817
46.427505
42.856213
39.284935
35.713676
32.142437
28.571215
25.000000
25.000000
25.000000
25.000000
25.000000
25.000000
25.000000
25.000000
25.000000
25.000000
25.000000
25.000000
25.000000
25.000000
25.000000
25.000000
25.000000
25.000000
25.000000
25.000000
96.428268
92.856567
89.284904
85.713272
82.141678
78.570122
74.998596
71.427109
67.855659
64.284241
60.712860
57.141495
53.570148
49.998817
46.427505
42.856213
39.284935
35.713676
32.142437
28.571215
25.000000
25.000000
25.000000
25.000000
25.000000
25.000000
25.000000
25.000000
25.000000
25.000000
25.000000
25.000000
25.000000
25.000000
25.000000
25.000000
25.000000
25.000000
25.000000
25.000000
96.428268
92.856567
89.284904
85.713272
82.141678
78.570122
74.998596
71.427109
67.855659
64.284241
60.712860
57.141495
53.570148
49.998817
46.427505
42.856213
39.284935
35.713676
32.142437
28.571215
25.000000
25.000000
25.000000
25.000000
25.000000
25.000000
25.000000
25.000000
25.000000
25.000000
25.000000
25.000000
25.000000
25.000000
25.000000
25.000000
25.000000
25.000000
25.000000
25.000000
96.428268
92.856567
89.284904
85.713272
82.141678
78.570122
74.998596
71.427109
67.855659
64.284241
60.712860
57.141495
53.570148
49.998817
46.427505
42.856213
39.284935
35.713676
32.142437
28.571215
25.000000
25.000000
25.000000
25.000000
25.000000
25.000000
25.000000
25.000000
25.000000
25.000000
25.000000
25.000000
25.000000
25.000000
25.000000
25.000000
25.000000
25.000000
25.000000
25.000000
95.668686
91.354416
87.073837
82.842827
78.676147
74.587128
70.587311
66.686249
62.891273
59.207314
55.636826
52.179729
48.833408
45.592781
42.450420
39.396725
36.420124
33.507336
30.643684
27.813406
25.000000
25.000000
25.000000
25.000000
25.000000
25.000000
25.000000
25.000000
25.000000
25.000000
25.000000
25.000000
25.000000
25.000000
25.000000
25.000000
25.000000
25.000000
25.000000
25.000000
95.668686
91.354416
87.073837
82.842827
78.676147
74.587128
70.587311
66.686249
62.891273
59.207314
55.636826
52.179729
48.833408
45.592781
42.450420
39.396725
36.420124
33.507336
30.643684
27.813406
25.000000
25.000000
25.000000
25.000000
25.000000
25.000000
25.000000
25.000000
25.000000
25.000000
25.000000
25.000000
25.000000
25.000000
25.000000
25.000000
25.000000
25.000000
25.000000
25.000000
95.668686
91.354416
87.073837
82.842827
78.676147
74.587128
70.587311
66.686249
62.891273
59.207314
55.636826
52.179729
48.833408
45.592781
42.450420
39.396725
36.420124
33.507336
30.643684
27.813406
25.000000
25.000000
25.000000
25.000000
25.000000
25.000000
25.000000
25.000000
25.000000
25.000000
25.000000
25.000000
25.000000
25.000000
25.000000
25.000000
25.000000
25.000000
25.000000
25.000000
95.668686
91.354416
87.073837
82.842827
78.676147
74.587128
70.587311
66.686249
62.891273
59.207314
55.636826
52.179729
48.833408
45.592781
42.450420
39.396725
36.420124
33.507336
30.643684
27.813406
25.000000
25.000000
25.000000
25.000000
25.000000
25.000000
25.000000
25.000000
25.000000
25.000000
25.000000
25.000000
25.000000
25.000000
25.000000
25.000000
25.000000
25.000000
25.000000
25.000000
79.100014
60.740906
46.537560
36.792942
30.698282
26.693617
25.630074
25.220078
25.072189
25.021473
25.001841
25.000469
25.000118
25.000011
25.000000
25.000000
25.000000
25.000000
25.000000
25.000000
25.000000
25.000000
25.000000
25.000000
25.000000
25.000000
25.000000
25.000000
25.000000
25.000000
25.000000
25.000000
25.000000
25.000000
25.000000
25.000000
25.000000
25.000000
25.000000
25.000000
25.000000
25.000000
25.000000
25.000000
25.000000
25.000000
25.000000
25.000000
25.000000
25.000000
25.000000
25.000000
25.000000
25.000000
25.000000
25.000000
25.000000
25.000000
25.000000
25.000000
25.000000
25.000000
25.000000
25.000000
25.000000
25.000000
25.000000
25.000000
25.000000
25.000000
25.000000
25.000000
25.000000
25.000000
25.000000
25.000000
25.000000
25.000000
25.000000
25.000000
95.668686
91.354416
87.073837
82.842827
78.676147
74.587128
70.587311
66.686249
62.891273
59.207314
55.636826
52.179729
48.833408
45.592781
42.450420
39.396725
36.420124
33.507336
30.643684
27.813406
